15 87
-9.7 56.0

16 116
-5.7 56.0

16 143
-1.7 56.0

16 169
2.3 56.0

16 198
6.3 56.0

16 225
10.3 56.0

20 83
-9.7 52.0

20 111
-5.7 52.0

20 143
-1.7 52.0

20 172
2.3 52.0

21 203
6.3 52.0

21 232
10.3 52.0

26 76
-9.7 48.0

26 109
-5.7 48.0

26 142
-1.7 48.0

25 174
2.3 48.0

26 208
6.3 48.0

26 240
10.3 48.0

34 33
-11.7 44.0

34 70
-9.7 44.0

34 106
-5.7 44.0

34 142
-1.7 44.0

34 179
2.3 44.0

34 214
6.3 44.0

34 249
10.3 44.0

34 282
14.3 44.0

43 63
-9.7 40.0

43 103
-5.7 40.0

43 143
-1.7 40.0

44 183
2.3 40.0

43 219
6.3 40.0

43 258
10.3 40.0

43 295
14.3 40.0

54 54
-9.7 36.0

54 96
-5.7 36.0

54 142
-1.7 36.0

55 185
2.3 36.0

55 227
6.3 36.0

54 269
10.3 36.0

68 38
-9.7 32.0

66 89
-5.7 32.0

66 138
-1.7 32.0

66 187
2.3 32.0

66 234
6.3 32.0

65 283
10.3 32.0

84 81
-5.7 28.0

84 138
-1.7 28.0

84 190
2.3 28.0

82 246
6.3 28.0

82 302
10.3 28.0

109 66
-5.7 24.0

106 135
-1.7 24.0

106 198
2.3 24.0

105 261
6.3 24.0

142 50
-5.7 20.0

140 131
-1.7 20.0

139 207
2.3 20.0

137 286
6.3 20.0

191 25
-5.7 16.0

190 130
-1.7 16.0

186 224
2.3 16.0

183 307
6.3 16.0
